alpha = 0.39
Mm = 165 -> 164.72849318512442
sd = 5 -> 4.785030177866893
Mf = 175 -> 174.75448142038076
